006240080001706304080050000600910035500803002870024009000030070904108600030095400
069000000028539060003001250000924103004070500902158000056700900090416820000000470
408006097090701004030290801003000042901000508820000700209045070000608020160300400
700050001190780000504109060372008000005010300000900852010605209000037015600090007
000002750020578006000001009083000915012809370594000620800200000100386090059100000
100003004003000060076091000005060030020500008008030010014087000007000040200004005
700020008080000020003805100009682500600109007004537600002306810010000060300010009
000030071000506009004000280000800920500090007043007000015000600700601000680040000
000030570000506009354009286000800920528090007943007000415000600730601000680040710
470560983089000415050009276040205839890000062723608050564100098218050040837486521
006041000300526089000807060712469358003182600068753020000005000250000006000010205
009000000060048970018930206020000600036020150005000020904013860083760010000000300
092000005001600003008700006000006200050030080003800000400001500100002300200000190
016000500000170004900806001007090150090601040081050900600204005500037000003000720
400000006001040290082039700000570008900000004700014000007850430045090600300000001
000000000006095000081704020030020041200000007050068000040201590000800400000000000
685129374003547628427836951368450019009681430214793086046315090032968140951214063
400003007030758000070401350384972561251346789967185423018034970700819030093007000
090000000085004209003780000600800000310060047000003000000041600104600730000000054
680000370100547020000000050360050009000000000200090086040000000030968000001200003
030604072709810360000000000004500600800000001003047900000000000081060000460201080
039000000030050709080290050000903005006080000000102006050670020040020807008000000
000000000000758000070400350080070001200300009960080020018004070000819000003000000
050702040000010000060004030604000002500427003300000504070800090000070000040609070
520306040080009006006080200300010600000907000009030007005040900900800030040100050
